date,open,close,high,low,volume,volume.1
2022-04-18,10.475220721376578,10.233079940882448,10.475220721376578,10.180440640775029,121460.0,121460.0
2022-04-19,10.24360780090393,10.71736150187071,10.71736150187071,10.201496360817996,260012.0,260012.0
2022-04-20,10.727889361892194,10.306774961032836,10.73841722191368,10.29624710101135,177057.0,177057.0
2022-04-21,10.180440640775029,9.275044678927404,10.190968500796512,9.275044678927404,373253.0,373253.0
2022-04-22,9.169766078712565,9.064487478497725,9.31715611901334,8.927625298218432,232640.0,232640.0
2022-04-25,9.380323279142242,9.022376038411789,9.654047639700828,8.917097438196947,357672.0,357672.0
2022-05-06,8.569678057487975,8.569678057487975,8.569678057487975,8.569678057487975,27137.0,27137.0
2022-05-09,9.001320318368819,9.001320318368819,9.001320318368819,8.432815877208682,596242.0,596242.0
2022-05-10,9.24346109886295,9.454018299292631,9.454018299292631,9.085543198540693,123033.0,123033.0
2022-05-11,9.927772000259411,9.927772000259411,9.927772000259411,9.927772000259411,46620.0,46620.0
2022-05-12,10.42258142126916,9.63299191965786,10.42258142126916,9.52771331944302,706922.0,706922.0
2022-05-13,9.864604840130506,10.117273480646125,10.117273480646125,9.68563121976528,238532.0,238532.0
2022-05-16,10.380469981183223,10.085689900581672,10.380469981183223,9.79090981998012,311349.0,311349.0
2022-05-17,10.233079940882448,10.591027181612905,10.591027181612905,10.212024220839478,284246.0,284246.0
2022-05-18,10.63313862169884,10.654194341741809,11.117420182687104,10.527860021484,340325.0,340325.0
2022-05-19,10.464692861355095,11.085836602622653,11.170059482794525,10.464692861355095,252447.0,252447.0
2022-05-20,10.927918702300392,11.00161372245078,11.359560963181234,10.84369582212852,200672.0,200672.0
2022-05-23,11.00161372245078,11.191115202837493,11.422728123310138,10.970030142386326,185830.0,185830.0
2022-05-24,11.191115202837493,10.63313862169884,11.275338083009364,10.63313862169884,230943.0,230943.0
2022-05-25,10.706833641849228,11.0542530225582,11.117420182687104,10.591027181612905,178110.0,178110.0
2022-05-26,11.159531622773038,11.61222960369685,11.61222960369685,11.159531622773038,312558.0,312558.0
2022-05-27,11.780675364040594,12.012288284513245,12.15967832481402,11.61222960369685,282601.0,282601.0
2022-05-30,12.033344004556213,12.61237630573783,12.61237630573783,12.033344004556213,282856.0,282856.0
2022-05-31,12.843989226210478,12.82293350616751,13.159825026855,12.507097705522993,364422.0,364422.0
2022-06-01,12.843989226210478,12.6334320257808,12.8966285263179,12.412346965329634,224305.0,224305.0
2022-06-02,12.591320585694865,12.538681285587442,13.170352886876485,12.475514125458538,257905.0,257905.0
2022-06-06,12.507097705522993,11.928065404341371,12.749238486017122,11.907009684298403,387121.0,387121.0
2022-06-07,12.212317624921438,12.096511164685117,12.359707665222215,11.991232564470277,165289.0,165289.0
2022-06-08,12.00176042449176,11.8438425241695,12.191261904878472,11.66486890380427,216085.0,216085.0
2022-06-09,11.854370384190982,12.433402685372604,12.433402685372604,11.8438425241695,229707.0,229707.0
2022-06-10,12.45445840541557,12.854517086231963,13.05454642664016,12.275484785050343,244677.0,244677.0
2022-06-13,12.780822066081576,13.012434986554222,13.265103627069838,12.654487745823769,191233.0,191233.0
2022-06-14,12.938739966403832,13.633578727821778,13.66516230788623,12.728182765974156,217480.0,217480.0
2022-06-15,14.086276708745592,13.265103627069838,14.086276708745592,13.265103627069838,210205.0,210205.0
2022-06-16,13.265103627069838,13.71780160799365,13.84413592825146,13.222992186983904,149439.0,149439.0
2022-06-17,13.728329468015136,13.591467287735842,13.9494145284663,13.570411567692876,138498.0,138498.0
2022-06-20,13.444077247435066,13.654634447864748,13.896775228358878,13.40196580734913,120438.0,120438.0
2022-06-21,13.601995147757329,13.486188687521004,13.73885732803662,13.265103627069838,94574.0,94574.0
2022-06-22,13.486188687521004,13.528300127606938,13.79149662814404,13.412493667370615,101567.0,101567.0
2022-06-23,13.58093942771436,14.202083168981916,14.202083168981916,13.538827987628425,226799.0,226799.0
2022-06-24,14.202083168981916,14.63372542986276,14.812699050227987,14.15997172889598,182774.0,182774.0
2022-06-27,14.71794831003463,14.10733242878856,14.71794831003463,13.9494145284663,223706.0,223706.0
2022-06-28,13.98099810853075,14.128388148831526,14.444223949476047,13.98099810853075,122576.0,122576.0
2022-06-29,14.086276708745592,13.644106587843265,14.26525032911082,13.58093942771436,137934.0,137934.0
2022-06-30,13.759913048079587,13.696745887950682,14.023109548616686,13.549355847649906,116647.0,116647.0
2022-07-01,13.696745887950682,13.528300127606938,13.823080208208491,13.075602146683126,188896.0,188896.0
2022-07-04,13.570411567692876,14.202083168981916,14.202083168981916,13.465132967478034,181790.0,181790.0
2022-07-05,14.223138889024884,14.286306049153788,14.402112509390111,14.086276708745592,104941.0,104941.0
2022-07-06,14.275778189132303,13.87571950831591,14.275778189132303,13.77044090810107,115865.0,115865.0
2022-07-07,13.6862180279292,13.654634447864748,13.896775228358878,13.528300127606938,141684.0,141684.0
2022-07-08,13.73885732803662,12.991379266511254,13.73885732803662,12.970323546468286,211257.0,211257.0
2022-07-11,12.92821210638235,12.6334320257808,13.05454642664016,12.42287482535112,145887.0,145887.0
2022-07-12,12.622904165759316,12.601848445716348,13.033490706597192,12.591320585694865,117720.0,117720.0
2022-07-13,12.601848445716348,13.05454642664016,13.10718572674758,12.296540505093311,130974.0,130974.0
2022-07-14,12.991379266511254,13.05454642664016,13.58093942771436,12.907156386339382,131252.0,131252.0
2022-07-15,13.05454642664016,13.033490706597192,13.265103627069838,12.8966285263179,78922.0,78922.0
2022-07-18,13.096657866726094,13.05454642664016,13.201936466940934,12.475514125458538,78547.0,78547.0
2022-07-19,13.033490706597192,12.843989226210478,13.033490706597192,12.654487745823769,106855.0,106855.0
2022-07-20,12.854517086231963,12.865044946253448,13.05454642664016,12.728182765974156,78465.0,78465.0
2022-07-21,12.843989226210478,12.570264865651897,12.843989226210478,12.507097705522993,124428.0,124428.0
2022-07-22,12.55973700563041,12.55973700563041,12.696599185909704,12.380763385265183,67569.0,67569.0
2022-07-25,12.55973700563041,12.517625565544476,12.917684246360867,12.464986265437055,78056.0,78056.0
2022-07-26,12.464986265437055,12.82293350616751,12.907156386339382,12.464986265437055,77505.0,77505.0
2022-07-27,13.159825026855,12.82293350616751,13.159825026855,12.749238486017122,56368.0,56368.0
2022-07-28,12.843989226210478,12.643959885802282,12.938739966403832,12.591320585694865,66191.0,66191.0
2022-07-29,12.66501560584525,12.759766346038608,13.044018566618677,12.654487745823769,125579.0,125579.0
2022-08-01,12.759766346038608,13.40196580734913,13.40196580734913,12.71765490595267,148306.0,148306.0
2022-08-02,13.496716547542489,13.233520047005388,13.570411567692876,12.94926782642532,175953.0,175953.0
2022-08-03,13.275631487091324,13.58093942771436,13.896775228358878,13.275631487091324,201894.0,201894.0
2022-08-04,13.58093942771436,14.26525032911082,14.26525032911082,13.58093942771436,214314.0,214314.0
2022-08-05,14.10733242878856,13.675690167907716,14.233666749046366,13.549355847649906,281041.0,281041.0
2022-08-08,13.58093942771436,13.444077247435066,13.896775228358878,13.317742927177258,134541.0,134541.0
2022-08-09,13.370382227284678,13.275631487091324,13.601995147757329,13.159825026855,121000.0,121000.0
2022-08-10,13.275631487091324,13.044018566618677,13.444077247435066,13.00190712653274,113916.0,113916.0
2022-08-11,13.022962846575703,13.086130006704613,13.21246432696242,13.022962846575703,79096.0,79096.0
2022-08-12,13.075602146683126,13.328270787198743,13.465132967478034,13.075602146683126,98256.0,98256.0
2022-08-15,13.317742927177258,13.244047907026872,13.50724440756397,13.022962846575703,127660.0,127660.0
2022-08-16,13.244047907026872,13.10718572674758,13.444077247435066,13.086130006704613,70866.0,70866.0
2022-08-17,13.265103627069838,12.843989226210478,13.317742927177258,12.675543465866737,134559.0,134559.0
2022-08-18,12.8966285263179,13.033490706597192,13.128241446790549,12.68607132588822,101296.0,101296.0
2022-08-19,13.033490706597192,12.854517086231963,13.244047907026872,12.73871062599564,96346.0,96346.0
2022-08-22,12.980851406489773,12.801877786124544,13.022962846575703,12.696599185909704,101541.0,101541.0
2022-08-23,12.843989226210478,12.854517086231963,12.959795686446803,12.79134992610306,78200.0,78200.0
2022-08-24,12.907156386339382,12.601848445716348,13.012434986554222,12.475514125458538,96589.0,96589.0
2022-08-25,12.6334320257808,12.938739966403832,12.94926782642532,12.55973700563041,108164.0,108164.0
2022-08-26,12.94926782642532,13.00190712653274,13.201936466940934,12.917684246360867,96306.0,96306.0
2022-08-29,12.94926782642532,12.812405646146027,13.149297166833517,12.780822066081576,60463.0,60463.0
2022-08-30,12.82293350616751,12.780822066081576,12.886100666296414,12.696599185909704,39102.0,39102.0
2022-08-31,12.854517086231963,12.759766346038608,13.044018566618677,12.696599185909704,64262.0,64262.0
2022-09-01,12.801877786124544,12.696599185909704,12.8966285263179,12.6334320257808,37863.0,37863.0
2022-09-02,12.82293350616751,12.73871062599564,12.8966285263179,12.68607132588822,26514.0,26514.0
2022-09-05,12.79134992610306,12.843989226210478,12.843989226210478,12.71765490595267,34508.0,34508.0
2022-09-06,12.843989226210478,13.012434986554222,13.075602146683126,12.82293350616751,43532.0,43532.0
2022-09-07,13.022962846575703,13.086130006704613,13.222992186983904,13.012434986554222,51418.0,51418.0
2022-09-08,13.086130006704613,12.82293350616751,13.086130006704613,12.696599185909704,60091.0,60091.0
2022-09-09,12.82293350616751,12.728182765974156,12.970323546468286,12.6334320257808,73593.0,73593.0
2022-09-13,12.453459411399187,12.370158679550364,12.515934960285804,12.22438239881492,65720.0,65720.0
2022-09-14,12.234794990296024,11.755815782165286,12.234794990296024,11.755815782165286,178924.0,178924.0
2022-09-15,11.755815782165286,11.578801726986535,11.964067611787346,11.360137305883372,125425.0,125425.0
2022-09-16,11.578801726986535,11.578801726986535,11.662102458835358,11.349724714402267,65249.0,65249.0
2022-09-19,11.505913586618815,11.42261285476999,11.599626909948745,11.328899531440063,63979.0,63979.0
2022-09-20,11.380962488845578,11.745403190684184,11.7974661480897,11.380962488845578,65189.0,65189.0
2022-09-21,11.714165416240874,11.974480203268447,12.120256484003892,11.641277275873152,57654.0,57654.0
2022-09-22,11.974480203268447,12.04736834363617,12.22438239881492,11.932829837344038,50946.0,50946.0
2022-09-23,12.04736834363617,11.859941696976318,12.161906849928304,11.859941696976318,46287.0,46287.0
2022-09-26,11.880766879938523,11.932829837344038,12.213969807333818,11.73499059920308,58308.0,58308.0
2022-09-27,11.953655020306243,11.995305386230656,12.141081666966098,11.828703922533007,37245.0,37245.0
2022-09-28,11.974480203268447,11.745403190684184,12.026543160673963,11.537151361062124,49013.0,49013.0
2022-09-29,11.7974661480897,11.714165416240874,11.849529105495217,11.568389135505432,36201.0,36201.0
2022-09-30,11.693340233278668,11.682927641797566,11.755815782165286,11.505913586618815,44625.0,44625.0
2022-10-10,12.245207581777128,12.172319441409408,12.266032764739332,11.974480203268447,193747.0,193747.0
2022-10-11,12.1514942584472,12.349333496588155,12.453459411399187,12.026543160673963,90710.0,90710.0
2022-10-12,12.307683130663746,12.42222163695588,12.599235692134627,12.141081666966098,75953.0,75953.0
2022-10-13,12.42222163695588,12.599235692134627,12.786662338794482,12.318095722144848,79648.0,79648.0
2022-10-14,12.682536423983452,12.755424564351175,12.859550479162204,12.609648283615732,68828.0,68828.0
2022-10-17,12.77624974731338,12.547172734729116,12.77624974731338,12.5055223688047,58420.0,58420.0
2022-10-18,12.578410509172423,12.797074930275585,12.8491378876811,12.349333496588155,96623.0,96623.0
2022-10-19,12.859550479162204,13.203165998038603,13.43224301062287,12.77624974731338,112945.0,112945.0
2022-10-20,13.171928223595296,12.838725296199998,13.171928223595296,12.557585326210218,70503.0,70503.0
2022-10-21,13.08862749174647,13.171928223595296,13.32811709581184,12.70336160694566,110547.0,110547.0
2022-10-24,13.109452674708676,13.140690449151984,13.619669657282724,13.01573935137875,139660.0,139660.0
2022-10-25,13.13027785767088,13.265641546925222,13.380180053217352,12.963676393973234,72268.0,72268.0
2022-10-26,13.286466729887428,13.92163481023471,13.932047401715815,13.265641546925222,221024.0,221024.0
2022-10-27,14.223599963186697,14.51515252465758,14.61927843946861,14.004935542083532,276239.0,276239.0
2022-10-28,14.51515252465758,14.629691030949717,15.23362133685369,14.390201426884346,255540.0,255540.0
2022-10-31,14.629691030949717,14.65051621391192,14.96289395834501,14.296488103554418,123030.0,123030.0
2022-11-01,14.910831000939496,15.20238356241038,15.254446519815897,14.78587990316626,128353.0,128353.0
2022-11-02,15.098257647599349,14.733816945760744,15.566824264248984,14.44226438428986,292618.0,292618.0
2022-11-03,14.733816945760744,15.368985026108026,15.368985026108026,14.68175398835523,156371.0,156371.0
2022-11-04,15.69177536202222,16.00415310645531,16.02497828941752,15.45228575795685,244546.0,244546.0
2022-11-07,16.25405530200178,15.931264966087593,16.743447101613622,15.931264966087593,318558.0,318558.0
2022-11-08,15.712600544984426,16.722621918651416,16.722621918651416,15.639712404616706,229482.0,229482.0
2022-11-09,16.889223382349066,16.639321186802594,17.128712986414435,16.52478268051046,184443.0,184443.0
2022-11-10,16.45189454014274,16.608083412359285,16.712209327170314,16.34776862533171,124101.0,124101.0
2022-11-11,16.93087374827348,15.993740514974206,17.034999663084506,15.837551642757663,186181.0,186181.0
2022-11-14,15.868789417200972,15.23362133685369,15.889614600163178,15.23362133685369,203123.0,203123.0
2022-11-15,15.119082830561554,15.910439783125383,15.910439783125383,15.119082830561554,149154.0,149154.0
2022-11-16,15.910439783125383,15.82713905127656,15.983327923493103,15.41063539203244,141692.0,141692.0
2022-11-17,15.85837682571987,15.79590127683325,16.243642710520678,15.6188872216545,96276.0,96276.0
2022-11-18,15.79590127683325,16.149929387190753,16.38941899125612,15.69177536202222,115396.0,115396.0
2022-11-21,15.816726459795456,15.33774725166472,15.82713905127656,15.33774725166472,145746.0,145746.0
2022-11-22,14.567215482063096,15.150320605004865,15.462698349437954,14.567215482063096,401374.0,401374.0
2022-11-23,15.046194690193834,14.827530269090673,15.348159843145822,14.463089567252068,182164.0,182164.0
2022-11-24,14.827530269090673,15.566824264248984,15.566824264248984,14.744229537241848,156438.0,156438.0
2022-11-25,15.785488685352147,15.566824264248984,15.941677557568694,15.431460574994643,118407.0,118407.0
2022-11-28,15.296096885740306,15.244033928334792,15.41063539203244,14.952481366863909,73642.0,73642.0
2022-11-29,15.181558379448171,14.78587990316626,15.223208745372585,14.640103622430818,154333.0,154333.0
2022-11-30,14.796292494647364,14.952481366863909,15.191970970929276,14.754642128722953,70236.0,70236.0
2022-12-01,14.806705086128463,14.983719141307215,15.244033928334792,14.754642128722953,72306.0,72306.0
2022-12-02,14.942068775382804,14.744229537241848,15.087845056118246,14.640103622430818,107983.0,107983.0
2022-12-05,14.65051621391192,14.30690069503552,14.837942860571774,14.129886639856773,177705.0,177705.0
2022-12-06,14.317313286516624,14.431851792808756,14.640103622430818,14.16112441430008,87585.0,87585.0
2022-12-07,14.421439201327654,14.806705086128463,14.9316561839017,14.390201426884346,82996.0,82996.0
2022-12-08,14.827530269090673,14.702579171317437,15.223208745372585,14.567215482063096,106692.0,106692.0
2022-12-09,14.5776280735442,14.68175398835523,14.973306549826114,14.54639029910089,69620.0,69620.0
2022-12-12,14.68175398835523,14.99413173278832,15.077432464637145,14.535977707619788,91075.0,91075.0
2022-12-13,15.046194690193834,14.921243592420598,15.348159843145822,14.837942860571774,100342.0,100342.0
2022-12-14,14.848355452052877,14.89000581797729,15.035782098712732,14.629691030949717,45453.0,45453.0
2022-12-15,14.973306549826114,15.025369507231629,15.025369507231629,14.78587990316626,43246.0,43246.0
2022-12-16,15.077432464637145,14.598453256506405,15.098257647599349,14.588040665025302,45634.0,45634.0
2022-12-19,14.463089567252068,14.400614018365449,14.765054720204054,14.348551060959933,39271.0,39271.0
2022-12-20,14.327725877997729,14.556802890581992,14.71299176279854,14.317313286516624,38466.0,38466.0
2022-12-21,14.411026609846552,14.379788835403245,14.588040665025302,14.379788835403245,28907.0,28907.0
2022-12-22,14.390201426884346,13.661320023207134,14.47350215873317,13.661320023207134,67879.0,67879.0
2022-12-23,13.442655602103972,13.36976746173625,13.71338298061265,12.97408898545434,120584.0,120584.0
2022-12-26,13.29687932136853,14.036173316526844,14.036173316526844,13.29687932136853,70291.0,70291.0
2022-12-27,14.286075512073316,14.733816945760744,14.733816945760744,14.286075512073316,128912.0,128912.0
2022-12-28,14.78587990316626,15.077432464637145,15.30650947722141,14.68175398835523,127197.0,127197.0
2022-12-29,15.20238356241038,14.869180635015082,15.285684294259203,14.733816945760744,94073.0,94073.0
2022-12-30,14.942068775382804,15.254446519815897,15.389810209070232,14.942068775382804,88504.0,88504.0
2023-01-03,15.608474630173395,15.55641167276788,15.712600544984426,15.264859111296998,70616.0,70616.0
2023-01-04,15.55641167276788,15.400222800551337,15.566824264248984,15.254446519815897,61251.0,61251.0
2023-01-05,15.462698349437954,16.056216063860827,16.10827902126634,15.33774725166472,93052.0,93052.0
2023-01-06,16.014565697936415,16.3165308508884,16.441481948661636,15.952090149049797,97661.0,97661.0
2023-01-09,16.431069357180533,16.326943442369505,16.94128633975458,16.3061182594073,129330.0,129330.0
2023-01-10,16.326943442369505,16.46230713162384,16.753859693094725,16.13951679570965,75538.0,75538.0
2023-01-11,16.45189454014274,16.70179673568921,16.847573016424654,16.45189454014274,91508.0,91508.0
2023-01-12,16.86839819938686,16.608083412359285,16.89963597383017,16.503957497548253,81321.0,81321.0
2023-01-13,16.566433046434874,16.00415310645531,16.691384144208108,15.879202008682077,161373.0,161373.0
2023-01-16,15.993740514974206,16.00415310645531,16.34776862533171,15.650124996097809,144603.0,144603.0
2023-01-17,15.879202008682077,16.805922650500243,16.805922650500243,15.879202008682077,140175.0,140175.0
2023-01-18,16.847573016424654,17.49315368825304,17.53480405417745,16.76427228457583,143271.0,143271.0
2023-01-19,17.597279603064067,17.847181798610542,17.940895121940468,17.305727041593187,115409.0,115409.0
2023-01-20,17.85759439009164,18.63853875117437,18.63853875117437,17.85759439009164,153818.0,153818.0
2023-01-30,19.01339204449408,18.18038472600584,19.01339204449408,18.02419585378929,139452.0,139452.0
2023-01-31,18.08667140267591,18.898853538201944,18.898853538201944,18.02419585378929,121167.0,121167.0
2023-02-01,18.753077257466504,18.930091312645253,19.107105367824005,18.53441283636334,109193.0,109193.0
2023-02-02,18.930091312645253,18.482349878957823,19.61732235039805,18.284510640816865,229358.0,229358.0
2023-02-03,18.63853875117437,19.23205646559724,19.40907052077599,18.22203509193025,208200.0,208200.0
2023-02-06,19.05504241041849,19.190406099672828,19.4298957037382,18.81555280635312,125629.0,125629.0
2023-02-07,19.23205646559724,19.59649716743585,19.971350460755552,19.12793055078621,162913.0,162913.0
2023-02-08,19.554846801511435,20.294140796669744,20.38785411999967,19.41948311225709,164160.0,164160.0
2023-02-09,20.30455338815085,20.03382600964217,20.53363040073512,19.7839238140957,152528.0,152528.0
2023-02-10,19.86722454594452,19.7839238140957,20.002588235198864,19.41948311225709,162554.0,162554.0
2023-02-13,19.57567198447364,19.804748997057903,20.24207783926424,19.51319643558702,127722.0,127722.0
2023-02-14,19.804748997057903,18.930091312645253,19.960937869274453,18.81555280635312,364791.0,364791.0
2023-02-15,18.857203172277533,19.169580916710625,19.4298957037382,18.81555280635312,179895.0,179895.0
2023-02-16,19.169580916710625,18.63853875117437,19.169580916710625,18.43028692155231,175709.0,175709.0
2023-02-17,18.690601708579884,18.576063202287752,18.88844094672084,18.54482542784444,82091.0,82091.0
2023-02-20,18.409461738590103,19.12793055078621,19.28411942300276,18.22203509193025,137555.0,137555.0
2023-02-21,19.13834314226732,19.096692776342906,19.263294240040548,18.80514021487201,82186.0,82186.0
2023-02-22,19.12793055078621,19.28411942300276,19.658972716322463,19.075867593380696,89717.0,89717.0
2023-02-23,19.28411942300276,20.06506378408548,20.075476375566584,19.27370683152165,131472.0,131472.0
2023-02-24,19.99217564371776,19.86722454594452,20.16918969889651,19.52360902706813,116210.0,116210.0
2023-02-27,19.81516158853901,19.638147533360257,19.81516158853901,19.46113347818151,66408.0,66408.0
2023-02-28,19.64856012484136,19.70062308224688,20.002588235198864,19.41948311225709,54435.0,54435.0
2023-03-01,19.67979789928467,19.4507208867004,19.83598677150121,19.36742015485158,72508.0,72508.0
2023-03-02,19.263294240040548,18.482349878957823,19.76309863113349,18.482349878957823,256403.0,256403.0
2023-03-03,18.284510640816865,18.94050390412636,19.044629818937384,18.22203509193025,128697.0,128697.0
2023-03-06,18.82596539783422,19.01339204449408,19.15916832522952,18.53441283636334,71923.0,71923.0
2023-03-07,19.02380463597518,18.961329087088565,19.49237125262481,18.84679058079643,100069.0,100069.0
2023-03-08,18.95091649560746,19.263294240040548,19.28411942300276,18.82596539783422,85756.0,85756.0
2023-03-09,19.263294240040548,19.398657929294888,19.50278384410592,19.002979453012973,87676.0,87676.0
2023-03-10,19.67979789928467,19.20081869115393,19.91928750335004,19.190406099672828,115036.0,115036.0
2023-03-13,19.096692776342906,18.99256686153187,19.17999350819173,18.753077257466504,77563.0,77563.0
2023-03-14,18.857203172277533,18.24286027489245,19.21123128263504,18.117909177119216,189421.0,189421.0
2023-03-15,18.30533582377907,18.95091649560746,18.99256686153187,18.30533582377907,93250.0,93250.0
2023-03-16,18.91967872116416,18.399049147109,19.242469057078345,18.14914695156253,165551.0,165551.0
2023-03-17,18.41987433007121,17.87841957305385,18.753077257466504,17.690992926393996,212053.0,212053.0
2023-03-20,17.472328505290836,17.274489267149875,17.659755151950687,16.98293670567899,283110.0,283110.0
2023-03-21,17.45150332232863,17.90965734749716,17.992958079345986,17.43067813936642,133081.0,133081.0
2023-03-22,18.01378326230819,17.441090730847524,18.08667140267591,17.305727041593187,151737.0,151737.0
2023-03-23,17.28490185863098,16.920461156792374,17.409852956404215,16.816335241981342,172103.0,172103.0
2023-03-24,16.97252411419789,16.98293670567899,17.409852956404215,16.91004856531127,114762.0,114762.0
2023-03-27,16.878810790867963,17.118300394933332,17.378615181960907,16.45189454014274,163211.0,163211.0
2023-03-28,16.86839819938686,17.0141744801223,17.316139633074286,16.86839819938686,87270.0,87270.0
2023-03-29,17.0141744801223,17.50356627973414,17.649342560469584,16.98293670567899,120728.0,120728.0
2023-03-30,17.326552224555392,17.441090730847524,17.63892996898848,17.326552224555392,76378.0,76378.0
2023-03-31,17.50356627973414,18.315748415260177,18.315748415260177,17.3577899989987,147537.0,147537.0
2023-04-03,18.50317506192003,18.7426646659854,19.034217227456285,18.26368545785466,182976.0,182976.0
2023-04-04,18.77390244042871,18.576063202287752,18.95091649560746,18.24286027489245,122158.0,122158.0
2023-04-06,19.05504241041849,18.73225207450429,19.242469057078345,18.56565061080665,155576.0,155576.0
2023-04-07,18.58647579376885,19.0862801848618,19.15916832522952,18.58647579376885,98857.0,98857.0
2023-04-10,19.13834314226732,18.99256686153187,19.13834314226732,18.84679058079643,75790.0,75790.0
2023-04-11,18.73225207450429,18.09708399415701,18.7426646659854,18.045021036751496,207964.0,207964.0
2023-04-12,18.211622500449145,17.940895121940468,18.25327286637356,17.888832164534954,101526.0,101526.0
2023-04-13,17.649342560469584,18.09708399415701,18.15955954304363,17.38902777344201,112854.0,112854.0
2023-04-14,18.117909177119216,18.37822396414679,18.63853875117437,18.10749658563812,75375.0,75375.0
2023-04-17,18.284510640816865,18.701014300060987,18.763489848947604,18.26368545785466,73544.0,73544.0
2023-04-18,18.60730097673106,18.690601708579884,19.13834314226732,18.59688838524996,94698.0,94698.0
2023-04-19,18.721839483023192,18.451112104514515,18.721839483023192,18.32616100674128,87916.0,87916.0
2023-04-20,18.284510640816865,18.37822396414679,18.576063202287752,18.01378326230819,71574.0,71574.0
2023-04-21,18.482349878957823,17.97213289638378,18.482349878957823,17.85759439009164,61664.0,61664.0
2023-04-24,17.90965734749716,17.420265547885318,18.045021036751496,17.409852956404215,68322.0,68322.0
2023-04-25,17.420265547885318,16.816335241981342,17.618104786026276,16.545607863472668,118285.0,118285.0
2023-04-26,16.93087374827348,17.243251492706566,17.326552224555392,16.639321186802594,58575.0,58575.0
2023-04-27,17.399440364923112,17.066237437527818,17.420265547885318,16.920461156792374,38846.0,38846.0
2023-04-28,17.076650029008917,17.33696481603649,17.33696481603649,16.743447101613622,42377.0,42377.0
2023-05-04,17.274489267149875,17.243251492706566,17.420265547885318,17.097475211971126,38111.0,38111.0
2023-05-05,17.232838901225467,16.816335241981342,17.274489267149875,16.6601463697648,65264.0,65264.0
2023-05-08,16.816335241981342,16.805922650500243,16.97252411419789,16.545607863472668,68420.0,68420.0
2023-05-09,16.97252411419789,16.160341978671855,17.003761888641197,16.160341978671855,88031.0,88031.0
2023-05-10,16.056216063860827,16.03539088089862,16.45189454014274,15.66053758757891,85938.0,85938.0
2023-05-11,15.931264966087593,16.83716042494355,16.83716042494355,15.525173898324573,145969.0,145969.0
2023-05-12,16.86839819938686,16.816335241981342,17.545216645658556,16.743447101613622,119625.0,119625.0
2023-05-15,15.972915332012,16.34776862533171,16.805922650500243,15.972915332012,279862.0,279862.0
2023-05-16,16.34776862533171,17.118300394933332,17.159950760857743,16.34776862533171,96582.0,96582.0
2023-05-17,17.18077594381995,17.545216645658556,17.690992926393996,17.097475211971126,114152.0,114152.0
2023-05-18,17.555629237139655,17.33696481603649,17.67016774343179,17.191188535301055,49891.0,49891.0
2023-05-19,17.28490185863098,17.81594402416723,17.868006981572748,17.232838901225467,60004.0,60004.0
2023-05-22,17.722230700837304,17.680580334912893,18.0346084452704,17.618104786026276,48897.0,48897.0
2023-05-23,17.67016774343179,17.49315368825304,17.98254548786488,17.49315368825304,39791.0,39791.0
2023-05-24,17.545216645658556,17.597279603064067,17.753468475280616,17.18077594381995,49734.0,49734.0
2023-05-25,17.49315368825304,16.962111522716786,17.62851737750738,16.722621918651416,61444.0,61444.0
2023-05-26,16.962111522716786,17.274489267149875,17.45150332232863,16.82674783346245,60941.0,60941.0
2023-05-29,17.316139633074286,16.993349297160094,17.555629237139655,16.86839819938686,72685.0,72685.0
2023-05-30,17.128712986414435,16.82674783346245,17.128712986414435,16.6601463697648,80078.0,80078.0
2023-05-31,16.743447101613622,17.118300394933332,17.50356627973414,16.6601463697648,72859.0,72859.0
2023-06-01,16.661374570447233,17.122199312715285,17.214364261168896,16.49752577319637,61533.0,61533.0
2023-06-02,17.081237113402572,17.367972508591585,17.51134020618609,17.0197938144335,65973.0,65973.0
2023-06-05,17.613745704467878,17.255326460481616,17.767353951890566,17.142680412371643,75657.0,75657.0
2023-06-06,17.29628865979433,17.030034364261674,17.367972508591585,16.90714776632353,51759.0,51759.0
2023-06-07,17.10171821305893,17.132439862543468,17.173402061856184,16.937869415808066,38373.0,38373.0
2023-06-08,17.214364261168896,17.060756013746214,17.214364261168896,16.610171821306338,44796.0,44796.0
2023-06-09,17.070996563574393,17.173402061856184,17.28604810996615,16.90714776632353,39085.0,39085.0
2023-06-12,17.173402061856184,17.183642611684363,17.306529209622507,16.98907216494896,34157.0,34157.0
2023-06-13,17.183642611684363,17.59326460481152,17.68542955326513,17.122199312715285,68173.0,68173.0
2023-06-14,17.675189003436955,17.32701030927887,17.70591065292149,17.20412371134072,55008.0,55008.0
2023-06-15,17.31676975945069,17.613745704467878,17.613745704467878,17.152920962199826,59634.0,59634.0
2023-06-16,17.613745704467878,17.71615120274967,17.89024054982871,17.613745704467878,62536.0,62536.0
2023-06-19,17.880000000000535,17.880000000000535,18.074570446735933,17.73663230240603,77625.0,77625.0
2023-06-20,18.770927835052102,18.50467353951945,18.770927835052102,18.176975945017723,187366.0,187366.0
2023-06-21,18.10529209622047,18.49443298969128,18.61731958762942,18.02336769759504,102406.0,102406.0
2023-06-26,18.50467353951945,18.49443298969128,18.586597938144884,17.982405498282322,93381.0,93381.0
2023-06-27,18.49443298969128,18.381786941581304,18.49443298969128,18.258900343643155,43221.0,43221.0
2023-06-28,18.4329896907222,18.381786941581304,18.4329896907222,17.920962199313248,43402.0,43402.0
2023-06-29,18.299862542955875,18.146254295533183,18.33058419244041,18.06432989690776,42670.0,42670.0
2023-06-30,18.084810996564112,18.40226804123766,18.49443298969128,17.82879725085964,75730.0,75730.0
2023-07-03,18.40226804123766,18.51491408934763,18.545635738832168,18.28962199312769,62167.0,62167.0
2023-07-04,18.535395189003992,18.545635738832168,18.596838487973063,18.381786941581304,40806.0,40806.0
2023-07-05,18.596838487973063,19.04742268041294,19.19079037800745,18.586597938144884,97244.0,97244.0
2023-07-06,19.04742268041294,18.85285223367753,19.12934707903837,18.84261168384936,40869.0,40869.0
2023-07-07,18.996219931272044,19.33415807560195,19.54920962199371,18.996219931272044,107668.0,107668.0
2023-07-10,19.4570446735401,19.4570446735401,19.52872852233736,19.13958762886655,62570.0,62570.0
2023-07-11,19.508247422680995,19.33415807560195,19.64137457044732,19.27271477663288,60170.0,60170.0
2023-07-12,19.36487972508649,19.16006872852291,19.44680412371192,19.108865979382013,45287.0,45287.0
2023-07-13,19.16006872852291,19.48776632302464,19.579931271478248,19.16006872852291,57942.0,57942.0
2023-07-17,19.4570446735401,19.508247422680995,19.98955326460541,18.4329896907222,248996.0,248996.0
2023-07-18,19.590171821306427,18.74020618556757,19.682336769760035,18.74020618556757,125865.0,125865.0
2023-07-19,18.883573883162075,18.166735395189544,18.94501718213115,17.83903780068782,178432.0,178432.0
2023-07-20,18.207697594502264,18.12577319587683,18.67876288659849,18.02336769759504,124820.0,124820.0
2023-07-21,18.00288659793868,18.586597938144884,18.84261168384936,18.00288659793868,123013.0,123013.0
2023-07-24,18.576357388316705,18.45347079037856,18.63780068728578,18.31010309278405,48838.0,48838.0
2023-07-25,18.535395189003992,18.90405498281844,19.12934707903837,18.535395189003992,73980.0,73980.0
2023-07-26,18.873333333333896,18.72996563573939,19.04742268041294,18.658281786942137,47326.0,47326.0
2023-07-27,18.74020618556757,18.2384192439868,18.84261168384936,18.12577319587683,79790.0,79790.0
2023-07-28,18.21793814433044,18.19745704467408,18.45347079037856,17.89024054982871,60622.0,60622.0
2023-07-31,17.961924398625964,18.187216494845902,18.361305841924946,17.439656357388838,122154.0,122154.0
2023-08-01,18.33058419244041,18.074570446735933,18.33058419244041,17.93120274914143,43102.0,43102.0
2023-08-02,18.10529209622047,18.39202749140949,18.41250859106584,17.757113402062384,81223.0,81223.0
2023-08-03,18.248659793814976,18.340824742268587,18.44323024055038,18.146254295533183,32436.0,32436.0
2023-08-04,18.31010309278405,18.248659793814976,18.371546391753128,18.02336769759504,40996.0,40996.0
2023-08-07,18.228178694158625,17.83903780068782,18.228178694158625,17.695670103093313,66978.0,66978.0
2023-08-08,17.83903780068782,17.880000000000535,17.9926460481105,17.71615120274967,27922.0,27922.0
2023-08-09,17.869759450172353,17.572783505155165,17.869759450172353,17.552302405498807,36002.0,36002.0
2023-08-10,17.562542955326983,17.644467353952418,17.70591065292149,17.460137457045196,26659.0,26659.0
2023-08-11,17.562542955326983,17.37821305841976,17.562542955326983,17.306529209622507,39833.0,39833.0
2023-08-14,17.10171821305893,17.388453608247943,17.521580756014266,17.050515463918032,39641.0,39641.0
2023-08-15,17.388453608247943,17.51134020618609,18.01312714776686,17.306529209622507,69157.0,69157.0
2023-08-16,17.49085910652973,17.214364261168896,17.51134020618609,17.20412371134072,27730.0,27730.0
2023-08-17,17.20412371134072,17.28604810996615,17.28604810996615,16.825223367698097,45796.0,45796.0
2023-08-18,17.28604810996615,16.671615120275412,17.439656357388838,16.671615120275412,113368.0,113368.0
2023-08-21,16.68185567010359,16.733058419244486,16.98907216494896,16.221030927835535,86316.0,86316.0
2023-08-22,16.651134020619054,16.794501718213557,16.89690721649535,16.3848797250864,48872.0,48872.0
2023-08-23,16.743298969072665,16.405360824742758,16.89690721649535,16.39512027491458,41109.0,41109.0
2023-08-24,16.405360824742758,16.343917525773684,16.661374570447233,16.231271477663714,57805.0,57805.0
2023-08-25,16.36439862543004,15.801168384880196,16.466804123711828,15.729484536082945,76849.0,76849.0
2023-08-28,16.548728522337264,16.221030927835535,16.794501718213557,16.016219931271955,97266.0,97266.0
2023-08-29,16.18006872852282,16.231271477663714,16.446323024055474,16.05718213058467,98163.0,98163.0
2023-08-30,16.241512027491893,16.087903780069208,16.354158075601863,15.65780068728569,125336.0,125336.0
2023-08-31,16.026460481100134,15.66804123711387,16.026460481100134,15.627079037801153,91074.0,91074.0
2023-09-01,15.66804123711387,15.637319587629332,15.852371134021093,15.493951890034827,50479.0,50479.0
2023-09-04,15.66804123711387,16.69209621993177,16.78426116838538,15.64756013745751,153975.0,153975.0
2023-09-05,16.651134020619054,16.671615120275412,16.886666666667168,16.39512027491458,82261.0,82261.0
2023-09-06,16.58969072164998,16.528247422680906,16.78426116838538,16.446323024055474,44379.0,44379.0
2023-09-07,16.333676975945504,16.15958762886646,16.518006872852727,16.149347079038282,53230.0,53230.0
2023-09-08,16.15958762886646,15.872852233677447,16.15958762886646,15.852371134021093,46075.0,46075.0
2023-09-11,15.883092783505628,16.07766323024103,16.139106529210103,15.749965635739304,44714.0,44714.0
2023-09-12,16.15958762886646,16.05718213058467,16.200549828179177,15.985498281787418,26762.0,26762.0
2023-09-13,16.098144329897387,15.831890034364736,16.221030927835535,15.719243986254764,37085.0,37085.0
2023-09-14,15.842130584192914,15.637319587629332,15.883092783505628,15.606597938144796,24430.0,24430.0
2023-09-15,15.637319587629332,15.5553951890039,15.719243986254764,15.442749140893932,31402.0,31402.0
2023-09-18,15.54515463917572,15.66804123711387,15.698762886598407,15.309621993127603,62096.0,62096.0
2023-09-19,15.66804123711387,15.596357388316616,15.719243986254764,15.340343642612142,78109.0,78109.0
2023-09-20,15.64756013745751,15.3608247422685,15.77044673539566,15.3608247422685,30323.0,30323.0
2023-09-21,15.412027491409397,15.063848797251309,15.473470790378467,14.992164948454056,43544.0,43544.0
2023-09-22,15.033127147766772,15.15601374570492,15.237938144330352,14.83855670103137,41348.0,41348.0
2023-09-25,15.135532646048562,15.15601374570492,15.25841924398671,14.889759450172264,53338.0,53338.0
2023-09-26,15.207216494845817,15.422268041237574,15.67828178694205,15.207216494845817,80549.0,80549.0
2023-09-27,15.422268041237574,15.3608247422685,15.504192439863006,15.278900343643068,32015.0,32015.0
2023-09-28,15.330103092783965,15.739725085911122,15.749965635739304,15.309621993127603,51049.0,51049.0
2023-10-09,15.77044673539566,15.811408934708377,16.036701030928313,15.67828178694205,66184.0,66184.0
2023-10-10,15.811408934708377,15.534914089347543,15.872852233677447,15.3608247422685,54109.0,54109.0
2023-10-11,15.524673539519364,15.319862542955784,15.606597938144796,15.25841924398671,40816.0,40816.0
2023-10-12,15.319862542955784,15.483711340206646,15.54515463917572,15.268659793814887,33507.0,33507.0
2023-10-13,15.391546391753035,15.24817869415853,15.401786941581214,15.04336769759495,56873.0,56873.0
2023-10-16,15.24817869415853,14.766872852234115,15.289140893471249,14.74639175257776,61971.0,61971.0
2023-10-17,14.756632302405938,14.910240549828623,14.96144329896952,14.674707903780506,34531.0,34531.0
2023-10-18,14.900000000000444,14.55182130584236,14.900000000000444,14.377731958763317,55425.0,55425.0
2023-10-19,14.439175257732389,14.42893470790421,14.63374570446779,14.10123711340248,45841.0,45841.0
2023-10-20,14.42893470790421,14.32652920962242,14.56206185567054,14.224123711340631,33338.0,33338.0
2023-10-23,14.183161512027914,13.81450171821347,14.316288659794242,13.72233676975986,66574.0,66574.0
2023-10-24,13.82474226804165,14.23436426116881,14.254845360825168,13.804261168385292,46082.0,46082.0
2023-10-25,14.387972508591496,14.469896907216928,14.582542955326897,14.285567010309704,42198.0,42198.0
2023-10-26,14.367491408935136,14.664467353952327,14.766872852234115,14.254845360825168,48992.0,48992.0
2023-10-27,14.643986254295973,14.859037800687728,15.084329896907668,14.592783505155074,56000.0,56000.0
2023-10-30,14.889759450172264,15.05360824742313,15.186735395189457,14.490378006873286,70941.0,70941.0
2023-10-31,15.115051546392204,15.207216494845817,15.442749140893932,15.04336769759495,76222.0,76222.0
2023-11-01,15.289140893471249,15.14577319587674,15.3608247422685,15.012646048110414,37848.0,37848.0
2023-11-02,15.176494845361278,15.125292096220385,15.524673539519364,15.084329896907668,55895.0,55895.0
2023-11-03,15.1662542955331,15.278900343643068,15.35058419244032,15.1662542955331,29766.0,29766.0
2023-11-06,15.278900343643068,15.596357388316616,15.606597938144796,15.1662542955331,59562.0,59562.0
2023-11-07,15.729484536082945,15.97525773195924,16.108384879725566,15.473470790378467,105787.0,105787.0
2023-11-08,16.16982817869464,15.893333333333809,16.251752577320072,15.56563573883208,119331.0,119331.0
2023-11-09,15.66804123711387,15.299381443299426,15.78068728522384,15.278900343643068,99862.0,99862.0
2023-11-10,15.15601374570492,14.807835051546837,15.24817869415853,14.695189003436864,81594.0,81594.0
2023-11-13,14.807835051546837,14.83855670103137,14.879518900344086,14.56206185567054,55023.0,55023.0
2023-11-14,14.807835051546837,14.818075601375014,14.920481099656802,14.705429553265043,32295.0,32295.0
2023-11-15,14.84879725085955,15.309621993127603,15.340343642612142,14.84879725085955,91353.0,91353.0
2023-11-16,15.217457044673994,15.37106529209668,15.452989690722111,15.094570446735846,55193.0,55193.0
2023-11-17,15.442749140893932,14.971683848797698,15.442749140893932,14.96144329896952,74851.0,74851.0
2023-11-20,14.971683848797698,15.012646048110414,15.094570446735846,14.695189003436864,56941.0,56941.0
2023-11-21,14.900000000000444,15.012646048110414,15.207216494845817,14.859037800687728,43380.0,43380.0
2023-11-22,14.910240549828623,14.613264604811432,15.022886597938593,14.52109965635782,70896.0,70896.0
2023-11-23,14.603024054983251,14.736151202749582,14.807835051546837,14.469896907216928,38839.0,38839.0
2023-11-24,14.695189003436864,14.643986254295973,14.736151202749582,14.55182130584236,24793.0,24793.0
2023-11-27,14.500618556701465,14.449415807560568,14.582542955326897,14.265085910653346,79198.0,79198.0
2023-11-28,14.367491408935136,14.52109965635782,14.643986254295973,14.13195876288702,113385.0,113385.0
2023-11-29,14.54158075601418,14.24460481099699,14.684948453608683,14.183161512027914,62031.0,62031.0
2023-11-30,14.193402061856093,14.172920962199736,14.316288659794242,14.070515463917946,39252.0,39252.0
2023-12-01,14.172920962199736,14.11147766323066,14.193402061856093,13.957869415807975,59829.0,59829.0
2023-12-04,14.162680412371556,14.285567010309704,14.387972508591496,14.1421993127152,40452.0,40452.0
2023-12-05,14.183161512027914,14.10123711340248,14.295807560137884,14.050034364261588,40540.0,40540.0
2023-12-06,14.10123711340248,13.865704467354364,14.213883161512452,13.82474226804165,65288.0,65288.0
2023-12-07,13.834982817869829,14.01931271477705,14.029553264605228,13.599450171821712,80991.0,80991.0
2023-12-08,14.1421993127152,14.357250859106957,14.623505154639613,14.03979381443341,111657.0,111657.0
2023-12-11,14.56206185567054,13.978350515464337,14.56206185567054,13.845223367698008,100501.0,100501.0
2023-12-12,13.92714776632344,13.947628865979796,13.978350515464337,13.73257731958804,62223.0,62223.0
2023-12-13,13.906666666667082,12.98501718213097,13.906666666667082,12.933814432990076,166148.0,166148.0
2023-12-14,13.005498281787329,12.80068728522375,13.138625429553656,12.80068728522375,102894.0,102894.0
2023-12-15,12.80068728522375,12.626597938144709,12.944054982818257,12.616357388316528,70853.0,70853.0
2023-12-18,12.647079037801063,12.17601374570483,12.677800687285602,12.145292096220292,144516.0,144516.0
2023-12-19,12.206735395189368,12.513951890034738,12.59587628866017,12.032646048110324,111927.0,111927.0
2023-12-20,12.472989690722022,12.66756013745742,12.68804123711378,12.401305841924769,93972.0,93972.0
2023-12-21,12.677800687285602,12.862130584192824,12.872371134021003,12.370584192440232,86468.0,86468.0
2023-12-22,12.89285223367736,13.21030927835091,13.425360824742668,12.739243986254674,128904.0,128904.0
2023-12-25,13.200068728522732,12.913333333333718,13.261512027491804,12.841649484536465,69002.0,69002.0
2023-12-26,12.923573883161897,12.626597938144709,13.005498281787329,12.59587628866017,59661.0,59661.0
2023-12-27,12.57539518900381,12.59587628866017,12.718762886598318,12.493470790378378,45474.0,45474.0
2023-12-28,12.606116838488347,12.913333333333718,12.99525773195915,12.554914089347454,91118.0,91118.0
2023-12-29,12.954295532646436,13.09766323024094,13.159106529210014,12.89285223367736,52335.0,52335.0
2024-01-02,13.01573883161551,13.077182130584582,13.40487972508631,12.913333333333718,61272.0,61272.0
2024-01-03,13.148865979381837,12.90309278350554,13.148865979381837,12.882611683849182,33589.0,33589.0
2024-01-04,12.872371134021003,12.923573883161897,12.98501718213097,12.790446735395571,34183.0,34183.0
2024-01-05,12.90309278350554,12.647079037801063,13.056701030928224,12.57539518900381,45108.0,45108.0
2024-01-08,12.544673539519277,12.268178694158442,12.616357388316528,12.268178694158442,48311.0,48311.0
2024-01-09,12.329621993127514,12.462749140893845,12.626597938144709,12.29890034364298,51101.0,51101.0
2024-01-10,12.432027491409306,12.309140893471158,12.513951890034738,12.18625429553301,75661.0,75661.0
2024-01-11,12.319381443299337,12.59587628866017,12.647079037801063,12.196494845361189,53778.0,53778.0
2024-01-12,12.851890034364644,12.729003436426495,13.056701030928224,12.636838487972886,93988.0,93988.0
2024-01-15,12.657319587629242,12.370584192440232,12.657319587629242,12.350103092783874,43167.0,43167.0
2024-01-16,12.329621993127514,12.114570446735756,12.411546391752946,11.940481099656711,68616.0,68616.0
2024-01-17,12.124810996563935,11.592302405498629,12.145292096220292,11.55134020618591,82456.0,82456.0
2024-01-18,11.44893470790412,11.592302405498629,11.663986254295882,11.008591065292425,188325.0,188325.0
2024-01-19,11.602542955326808,11.080274914089678,11.602542955326808,11.04955326460514,125206.0,125206.0
2024-01-22,11.080274914089678,10.773058419244308,11.663986254295882,10.629690721649805,250248.0,250248.0
2024-01-23,10.85498281786974,10.926666666666993,11.131477663230571,10.65017182130616,111075.0,111075.0
2024-01-24,11.008591065292425,10.977869415807888,11.039312714776962,10.486323024055295,90505.0,90505.0
2024-01-25,10.926666666666993,11.407972508591406,11.428453608247764,10.906185567010636,106479.0,106479.0
2024-01-26,11.387491408935048,11.397731958763227,11.653745704467704,11.295326460481435,62123.0,62123.0
2024-01-29,11.387491408935048,11.0700343642615,11.57182130584227,10.998350515464246,108196.0,108196.0
2024-01-30,11.018831615120604,10.916426116838814,11.346529209622332,10.906185567010636,96568.0,96568.0
2024-01-31,10.926666666666993,10.732096219931591,11.131477663230571,10.721855670103414,80520.0,80520.0
2024-02-01,10.762817869416129,10.598969072165264,10.926666666666993,10.496563573883474,64634.0,64634.0
2024-02-02,10.65017182130616,10.373676975945328,10.875463917526098,10.14838487972539,117732.0,117732.0
2024-02-05,10.404398625429865,11.141718213058752,11.407972508591406,10.209828178694464,280405.0,280405.0
2024-02-06,10.998350515464246,11.940481099656711,12.08384879725122,10.906185567010636,242355.0,242355.0
2024-02-07,12.001924398625787,11.98144329896943,12.38082474226841,11.807353951890386,158874.0,158874.0
2024-02-08,12.135051546392114,12.135051546392114,12.2886597938148,11.612783505154985,157384.0,157384.0
2024-02-19,12.268178694158442,11.98144329896943,12.27841924398662,11.86879725085946,99495.0,99495.0
2024-02-20,11.930240549828534,12.08384879725122,12.17601374570483,11.715189003436777,81554.0,81554.0
2024-02-21,12.001924398625787,12.135051546392114,12.329621993127514,11.930240549828534,97519.0,97519.0
2024-02-22,12.155532646048473,12.319381443299337,12.401305841924769,12.094089347079398,68581.0,68581.0
2024-02-23,12.27841924398662,12.29890034364298,12.370584192440232,12.145292096220292,58364.0,58364.0
2024-02-26,12.268178694158442,12.165773195876652,12.360343642612053,12.032646048110324,89510.0,89510.0
2024-02-27,12.114570446735756,12.06336769759486,12.135051546392114,11.85855670103128,120968.0,120968.0
2024-02-28,12.094089347079398,11.694707903780415,12.360343642612053,11.68446735395224,154927.0,154927.0
2024-02-29,11.623024054983164,12.032646048110324,12.104329896907576,11.57182130584227,125795.0,125795.0
2024-03-01,12.07360824742304,12.360343642612053,12.39106529209659,12.012164948453966,172362.0,172362.0
2024-03-04,12.39106529209659,12.257938144330264,12.636838487972886,12.135051546392114,104566.0,104566.0
2024-03-05,12.237457044673905,12.06336769759486,12.268178694158442,12.012164948453966,69692.0,69692.0
2024-03-06,12.07360824742304,12.769965635739212,13.08742268041276,12.012164948453966,191465.0,191465.0
2024-03-07,12.790446735395571,12.606116838488347,13.08742268041276,12.58563573883199,97624.0,97624.0
2024-03-08,12.616357388316528,12.749484536082852,12.80068728522375,12.565154639175631,58095.0,58095.0
2024-03-11,12.80068728522375,13.066941580756405,13.09766323024094,12.69828178694196,93047.0,93047.0
2024-03-12,13.025979381443689,12.964536082474616,13.12838487972548,12.821168384880108,81152.0,81152.0
2024-03-13,12.90309278350554,12.89285223367736,12.99525773195915,12.718762886598318,50567.0,50567.0
2024-03-14,12.954295532646436,12.974776632302792,13.271752577319983,12.790446735395571,77754.0,77754.0
2024-03-15,12.913333333333718,13.10790378006912,13.10790378006912,12.810927835051928,72017.0,72017.0
2024-03-18,13.036219931271868,13.179587628866372,13.230790378007269,13.005498281787329,66244.0,66244.0
2024-03-19,13.179587628866372,13.005498281787329,13.220549828179088,13.005498281787329,53310.0,53310.0
2024-03-20,13.056701030928224,12.964536082474616,13.066941580756405,12.851890034364644,39741.0,39741.0
2024-03-21,12.98501718213097,12.841649484536465,13.025979381443689,12.80068728522375,38672.0,38672.0
2024-03-22,12.872371134021003,12.739243986254674,12.882611683849182,12.616357388316528,52303.0,52303.0
2024-03-25,12.421786941581129,12.58563573883199,12.851890034364644,12.38082474226841,75371.0,75371.0
2024-03-26,12.544673539519277,13.10790378006912,13.159106529210014,12.534432989691096,120858.0,120858.0
2024-03-27,13.08742268041276,12.749484536082852,13.10790378006912,12.749484536082852,71712.0,71712.0
2024-03-28,12.69828178694196,12.841649484536465,12.933814432990076,12.677800687285602,40968.0,40968.0
2024-03-29,12.89285223367736,13.036219931271868,13.1181443298973,12.851890034364644,48841.0,48841.0
2024-04-01,12.99525773195915,13.077182130584582,13.1181443298973,12.89285223367736,73883.0,73883.0
2024-04-02,13.08742268041276,12.933814432990076,13.08742268041276,12.89285223367736,49071.0,49071.0
2024-04-03,12.933814432990076,12.862130584192824,12.933814432990076,12.677800687285602,43430.0,43430.0
2024-04-08,12.851890034364644,13.21030927835091,13.281993127148164,12.739243986254674,112525.0,112525.0
2024-04-09,13.30247422680452,13.10790378006912,13.394639175258131,12.99525773195915,56545.0,56545.0
2024-04-10,13.09766323024094,13.025979381443689,13.169347079038191,12.954295532646436,40505.0,40505.0
2024-04-11,13.005498281787329,13.384398625429952,13.486804123711742,12.933814432990076,77544.0,77544.0
2024-04-12,13.384398625429952,13.947628865979796,14.029553264605228,13.333195876289055,142974.0,142974.0
2024-04-15,13.947628865979796,13.773539518900757,14.265085910653346,13.630171821306249,96623.0,96623.0
2024-04-16,13.81450171821347,13.486804123711742,13.91690721649526,13.445841924399028,69403.0,69403.0
2024-04-17,13.486804123711742,13.957869415807975,13.957869415807975,13.435601374570847,54276.0,54276.0
2024-04-18,14.029553264605228,13.578969072165354,14.070515463917946,13.578969072165354,72483.0,72483.0
2024-04-19,13.568728522337176,13.937388316151615,14.03979381443341,13.548247422680816,81622.0,81622.0
2024-04-22,14.306048109966063,14.009072164948872,14.316288659794242,13.91690721649526,76672.0,76672.0
2024-04-23,14.009072164948872,13.896426116838905,14.13195876288702,13.783780068728934,50427.0,50427.0
2024-04-24,13.783780068728934,13.906666666667082,13.92714776632344,13.61993127147807,58158.0,58158.0
2024-04-25,13.701855670103502,13.906666666667082,14.03979381443341,13.701855670103502,42083.0,42083.0
2024-04-26,13.82474226804165,14.029553264605228,14.1421993127152,13.794020618557113,60832.0,60832.0
2024-04-29,13.947628865979796,14.162680412371556,14.193402061856093,13.845223367698008,56804.0,56804.0
2024-04-30,14.162680412371556,14.10123711340248,14.24460481099699,14.050034364261588,39683.0,39683.0
2024-05-06,14.10123711340248,14.070515463917946,14.224123711340631,13.701855670103502,69115.0,69115.0
2024-05-07,13.978350515464337,13.660893470790786,14.080756013746123,13.640412371134428,81574.0,81574.0
2024-05-08,13.671134020618965,13.40487972508631,13.81450171821347,13.08742268041276,99241.0,99241.0
2024-05-09,13.51752577319628,13.773539518900757,13.875945017182543,13.384398625429952,71066.0,71066.0
2024-05-10,13.773539518900757,13.558487972508996,13.81450171821347,13.425360824742668,50527.0,50527.0
2024-05-13,13.568728522337176,13.476563573883563,13.671134020618965,13.363917525773596,40988.0,40988.0
2024-05-14,13.466323024055384,13.292233676976345,13.61993127147807,13.261512027491804,49757.0,49757.0
2024-05-15,13.292233676976345,12.98501718213097,13.292233676976345,12.810927835051928,113525.0,113525.0
2024-05-16,12.98501718213097,12.933814432990076,13.056701030928224,12.821168384880108,49426.0,49426.0
2024-05-17,12.923573883161897,13.1181443298973,13.12838487972548,12.647079037801063,92926.0,92926.0
2024-05-20,13.08742268041276,12.80068728522375,13.1181443298973,12.759725085911034,90260.0,90260.0
2024-05-21,12.790446735395571,12.57539518900381,12.841649484536465,12.442268041237485,78273.0,78273.0
2024-05-22,12.493470790378378,12.329621993127514,12.616357388316528,12.237457044673905,105218.0,105218.0
2024-05-23,12.370584192440232,12.29890034364298,12.4832302405502,12.196494845361189,62885.0,62885.0
2024-05-24,12.309140893471158,12.442268041237485,12.59587628866017,12.268178694158442,52886.0,52886.0
2024-05-27,12.544673539519277,12.472989690722022,12.57539518900381,12.29890034364298,48775.0,48775.0
2024-05-28,12.513951890034738,12.329621993127514,12.513951890034738,12.2886597938148,37402.0,37402.0
2024-05-29,12.29890034364298,12.309140893471158,12.39106529209659,12.227216494845726,45676.0,45676.0
2024-05-30,11.92,12.15,12.46,11.92,91049.0,91049.0
2024-05-31,12.16,12.19,12.26,12.05,41000.0,41000.0
2024-06-03,12.08,11.71,12.17,11.65,101718.0,101718.0
2024-06-04,11.8,11.7,11.8,11.41,63168.0,63168.0
2024-06-05,11.7,11.5,11.71,11.5,37569.0,37569.0
2024-06-06,11.51,11.38,11.59,11.2,56196.0,56196.0
2024-06-07,11.23,11.48,11.51,11.22,37637.0,37637.0
2024-06-11,11.49,11.34,11.52,11.3,32756.0,32756.0
2024-06-12,11.33,11.46,11.5,11.27,30410.0,30410.0
2024-06-13,11.45,11.3,11.48,11.28,26180.0,26180.0
2024-06-14,11.27,11.24,11.29,11.1,30912.0,30912.0
2024-06-17,11.18,11.54,11.73,11.08,68331.0,68331.0
2024-06-18,11.45,11.94,12.06,11.42,65377.0,65377.0
2024-06-19,12.0,11.85,12.1,11.8,44749.0,44749.0
2024-06-20,11.87,11.85,11.93,11.8,37772.0,37772.0
2024-06-21,11.85,11.8,11.95,11.76,36108.0,36108.0
2024-06-24,11.85,11.71,11.93,11.64,40122.0,40122.0
2024-06-25,11.83,11.81,11.9,11.72,39442.0,39442.0
2024-06-26,11.8,11.96,11.97,11.64,39001.0,39001.0
2024-06-27,11.97,11.61,11.97,11.56,36566.0,36566.0
2024-06-28,11.53,11.61,11.82,11.4,50005.0,50005.0
2024-07-01,11.47,11.85,11.87,11.46,42670.0,42670.0
2024-07-02,11.87,11.67,11.91,11.66,28324.0,28324.0
2024-07-03,11.66,11.5,11.7,11.47,26901.0,26901.0
2024-07-04,11.48,11.3,11.59,11.28,49872.0,49872.0
2024-07-05,11.17,11.34,11.39,11.17,31925.0,31925.0
2024-07-08,11.31,11.3,11.39,11.2,34726.0,34726.0
2024-07-09,11.28,11.34,11.42,11.11,50493.0,50493.0
2024-07-10,11.32,11.22,11.37,11.21,22836.0,22836.0
2024-07-11,11.34,11.93,11.94,11.18,86936.0,86936.0
2024-07-12,11.93,11.77,12.02,11.7,49744.0,49744.0
2024-07-15,11.63,11.62,11.87,11.59,31263.0,31263.0
2024-07-16,11.62,11.79,11.85,11.43,65774.0,65774.0
2024-07-17,11.79,11.67,11.79,11.65,26770.0,26770.0
2024-07-18,11.61,11.86,11.9,11.5,39122.0,39122.0
2024-07-19,11.84,11.66,11.88,11.62,37988.0,37988.0
2024-07-22,11.67,11.59,11.68,11.55,23414.0,23414.0
2024-07-23,11.61,11.38,11.62,11.37,34091.0,34091.0
2024-07-24,11.4,11.32,11.45,11.13,48847.0,48847.0
2024-07-25,11.3,11.35,11.5,11.22,31261.0,31261.0
2024-07-26,11.39,11.6,11.61,11.39,24887.0,24887.0
2024-07-29,11.58,11.46,11.6,11.44,21383.0,21383.0
2024-07-30,11.39,11.39,11.48,11.32,23188.0,23188.0
2024-07-31,11.36,11.7,11.72,11.34,55038.0,55038.0
2024-08-01,11.66,11.58,11.74,11.56,36280.0,36280.0
2024-08-02,11.52,11.58,11.61,11.48,29987.0,29987.0
2024-08-05,11.54,11.37,11.65,11.3,37401.0,37401.0
2024-08-06,11.43,11.5,11.54,11.36,21604.0,21604.0
2024-08-07,11.44,11.47,11.56,11.44,16095.0,16095.0
2024-08-08,11.5,11.47,11.64,11.39,23339.0,23339.0
2024-08-09,11.46,11.36,11.53,11.36,24662.0,24662.0
2024-08-12,11.71,11.49,11.77,11.44,54294.0,54294.0
2024-08-13,11.42,11.45,11.48,11.23,28098.0,28098.0
2024-08-14,11.41,11.31,11.55,11.31,19886.0,19886.0
2024-08-15,11.3,11.31,11.37,11.25,30802.0,30802.0
2024-08-16,11.31,11.25,11.32,11.11,44441.0,44441.0
2024-08-19,11.27,11.4,11.43,11.17,48850.0,48850.0
2024-08-20,11.39,11.28,11.39,11.2,19556.0,19556.0
2024-08-21,11.21,11.21,11.34,11.18,14157.0,14157.0
2024-08-22,11.21,11.05,11.22,11.04,23207.0,23207.0
2024-08-23,11.06,11.1,11.11,10.89,21264.0,21264.0
2024-08-26,11.09,11.11,11.22,11.04,24777.0,24777.0
2024-08-27,11.15,11.38,11.47,11.05,58331.0,58331.0
2024-08-28,11.35,11.42,11.45,11.31,20226.0,20226.0
2024-08-29,11.42,11.43,11.52,11.36,19401.0,19401.0
2024-08-30,11.42,11.49,11.63,11.35,38431.0,38431.0
2024-09-02,11.45,11.35,11.6,11.35,22315.0,22315.0
2024-09-03,11.4,11.25,11.4,11.19,26515.0,26515.0
2024-09-04,11.22,11.16,11.28,11.15,19276.0,19276.0
2024-09-05,11.16,11.26,11.26,11.16,14800.0,14800.0
2024-09-06,11.27,11.18,11.3,11.16,12341.0,12341.0
2024-09-09,11.16,10.99,11.19,10.97,39248.0,39248.0
2024-09-10,10.97,10.38,11.06,10.35,74178.0,74178.0
2024-09-11,10.35,10.15,10.45,10.12,38525.0,38525.0
2024-09-12,10.16,10.2,10.41,10.16,30550.0,30550.0
2024-09-13,10.22,10.29,10.3,10.1,35647.0,35647.0
2024-09-18,10.29,10.56,10.65,10.13,35427.0,35427.0
2024-09-19,10.58,10.67,10.8,10.53,32365.0,32365.0
2024-09-20,10.72,10.73,10.76,10.59,22911.0,22911.0
2024-09-23,10.73,10.81,10.89,10.67,27367.0,27367.0
2024-09-24,10.88,11.15,11.2,10.8,45202.0,45202.0
2024-09-25,11.27,11.3,11.62,11.21,60224.0,60224.0
2024-09-26,11.19,11.5,11.54,11.1,80815.0,80815.0
2024-09-27,11.59,11.9,11.98,11.59,70647.0,70647.0
2024-09-30,12.24,12.71,12.9,12.23,215084.0,215084.0
2024-10-08,13.96,12.8,13.96,12.36,317350.0,317350.0
2024-10-09,12.75,11.73,12.75,11.71,211425.0,211425.0
2024-10-10,11.84,12.15,12.35,11.84,167967.0,167967.0
2024-10-11,12.2,11.82,12.2,11.76,77827.0,77827.0
2024-10-14,11.9,12.87,12.98,11.9,207524.0,207524.0
2024-10-15,12.89,12.47,12.89,12.45,89252.0,89252.0
2024-10-16,12.24,12.63,12.85,12.22,130361.0,130361.0
2024-10-17,12.63,13.34,13.35,12.57,202837.0,202837.0
2024-10-18,13.22,13.26,13.53,12.99,191382.0,191382.0
2024-10-21,13.26,12.85,13.26,12.7,164732.0,164732.0
2024-10-22,12.79,13.1,13.34,12.75,145585.0,145585.0
2024-10-23,13.05,13.1,13.22,13.01,122819.0,122819.0
2024-10-24,13.01,13.05,13.16,12.98,67677.0,67677.0
2024-10-25,13.01,13.06,13.15,12.82,97894.0,97894.0
2024-10-28,13.06,13.6,13.65,12.83,174612.0,174612.0
2024-10-29,13.63,13.75,13.81,13.38,138589.0,138589.0
2024-10-30,13.57,13.61,13.74,13.32,141413.0,141413.0
2024-10-31,13.6,13.45,13.63,13.38,88939.0,88939.0
2024-11-01,13.65,13.13,13.65,13.1,97145.0,97145.0
2024-11-04,13.1,13.04,13.2,12.99,56249.0,56249.0
2024-11-05,13.04,13.13,13.14,12.81,133923.0,133923.0
2024-11-06,13.13,13.07,13.2,12.96,111686.0,111686.0
2024-11-07,13.0,13.23,13.24,12.9,88094.0,88094.0
2024-11-08,13.4,12.6,13.41,12.53,330315.0,330315.0
2024-11-11,12.16,12.06,12.25,11.9,446126.0,446126.0
2024-11-12,11.96,11.98,12.21,11.88,378276.0,378276.0
2024-11-13,11.98,12.18,12.24,11.92,282100.0,282100.0
2024-11-14,12.18,11.84,12.23,11.81,200499.0,200499.0
2024-11-15,11.84,11.71,11.96,11.71,159226.0,159226.0
2024-11-18,11.81,11.95,12.13,11.61,212876.0,212876.0
2024-11-19,11.92,12.1,12.12,11.73,285246.0,285246.0
2024-11-20,12.0,12.03,12.08,11.95,131742.0,131742.0
2024-11-21,12.03,12.03,12.13,11.99,124863.0,124863.0
2024-11-22,12.03,11.93,12.15,11.92,174825.0,174825.0
2024-11-25,11.92,12.04,12.1,11.81,175826.0,175826.0
2024-11-26,12.11,12.12,12.2,11.99,196548.0,196548.0
2024-11-27,12.12,12.29,12.3,11.96,170406.0,170406.0
2024-11-28,12.26,12.46,12.88,12.2,239026.0,239026.0
2024-11-29,12.43,12.55,12.6,12.28,153278.0,153278.0
2024-12-02,12.56,12.56,12.79,12.5,174351.0,174351.0
2024-12-03,12.56,12.36,12.6,12.28,144957.0,144957.0
2024-12-04,12.29,12.33,12.46,12.27,97418.0,97418.0
2024-12-05,12.3,12.16,12.35,12.15,113959.0,113959.0
2024-12-06,12.21,12.53,12.85,12.21,235821.0,235821.0
2024-12-09,12.5,12.96,13.09,12.46,325318.0,325318.0
2024-12-10,13.16,12.93,13.27,12.91,165796.0,165796.0
2024-12-11,12.93,13.07,13.1,12.86,135080.0,135080.0
2024-12-12,13.12,13.28,13.4,13.0,158579.0,158579.0
2024-12-13,13.28,13.32,13.43,13.09,278114.0,278114.0
2024-12-16,13.24,13.22,13.5,13.07,160270.0,160270.0
2024-12-17,13.16,13.02,13.3,12.99,133867.0,133867.0
2024-12-18,13.05,13.06,13.18,13.0,121988.0,121988.0
2024-12-19,13.0,13.26,13.29,12.89,121924.0,121924.0
2024-12-20,13.23,12.87,13.23,12.85,113435.0,113435.0
2024-12-23,12.81,12.7,12.95,12.65,95537.0,95537.0
2024-12-24,12.69,13.0,13.02,12.64,95926.0,95926.0
2024-12-25,12.95,12.83,13.0,12.72,58173.0,58173.0
2024-12-26,12.84,12.66,12.94,12.66,61369.0,61369.0
2024-12-27,12.68,12.81,12.96,12.49,109388.0,109388.0
2024-12-30,12.74,12.9,13.05,12.7,87432.0,87432.0
2024-12-31,12.89,12.65,13.08,12.65,70948.0,70948.0
2025-01-02,12.61,12.58,12.81,12.47,108639.0,108639.0
2025-01-03,12.61,12.41,12.77,12.38,119302.0,119302.0
2025-01-06,12.42,12.37,12.49,12.21,78592.0,78592.0
2025-01-07,12.36,12.37,12.47,12.25,56025.0,56025.0
2025-01-08,12.41,12.21,12.44,12.02,117144.0,117144.0
2025-01-09,12.15,12.06,12.31,12.05,68268.0,68268.0
2025-01-10,12.06,12.33,12.46,12.06,90317.0,90317.0
2025-01-13,12.34,12.15,12.35,11.99,120213.0,120213.0
2025-01-14,12.21,12.4,12.45,12.08,157093.0,157093.0
2025-01-15,12.4,12.11,12.5,12.08,126858.0,126858.0
2025-01-16,12.15,12.17,12.38,12.13,92283.0,92283.0
2025-01-17,12.14,12.07,12.22,12.05,99399.0,99399.0
2025-01-20,12.12,11.9,12.27,11.86,169034.0,169034.0
2025-01-21,11.99,12.26,12.28,11.93,121836.0,121836.0
2025-01-22,12.26,12.26,12.47,12.14,82402.0,82402.0
2025-01-23,12.32,12.07,12.38,12.02,87899.0,87899.0
2025-01-24,12.04,12.21,12.23,12.02,71546.0,71546.0
2025-01-27,12.24,12.38,12.52,12.21,101367.0,101367.0
2025-02-05,12.37,12.31,12.57,12.25,93188.0,93188.0
2025-02-06,12.26,12.19,12.31,12.13,108827.0,108827.0
2025-02-07,12.18,12.37,12.46,12.1,105478.0,105478.0
2025-02-10,12.42,12.22,12.48,12.18,114347.0,114347.0
2025-02-11,12.28,12.62,12.69,12.23,179533.0,179533.0
2025-02-12,12.56,12.59,12.66,12.5,69838.0,69838.0
2025-02-13,12.63,12.4,12.64,12.27,164298.0,164298.0
2025-02-14,12.4,12.53,12.57,12.33,85493.0,85493.0
2025-02-17,12.5,12.32,12.53,12.25,109778.0,109778.0
2025-02-18,12.35,12.26,12.43,12.21,81153.0,81153.0
2025-02-19,12.26,12.28,12.31,12.21,65378.0,65378.0
2025-02-20,12.23,12.15,12.31,12.11,112707.0,112707.0
2025-02-21,12.17,12.1,12.18,11.94,112243.0,112243.0
2025-02-24,12.14,12.05,12.17,12.02,96571.0,96571.0
2025-02-25,12.05,12.05,12.16,11.99,81875.0,81875.0
2025-02-26,12.11,12.34,12.4,12.06,120401.0,120401.0
2025-02-27,12.3,12.53,12.55,12.25,135605.0,135605.0
2025-02-28,12.51,12.55,12.68,12.37,133226.0,133226.0
2025-03-03,12.58,12.78,12.92,12.56,133138.0,133138.0
2025-03-04,12.76,13.03,13.28,12.7,182876.0,182876.0
2025-03-05,13.07,12.83,13.16,12.73,112121.0,112121.0
2025-03-06,12.8,12.78,13.03,12.74,89789.0,89789.0
2025-03-07,12.74,12.71,12.84,12.67,59373.0,59373.0
2025-03-10,12.77,12.81,12.85,12.61,70480.0,70480.0
2025-03-11,12.71,12.95,13.0,12.66,74552.0,74552.0
2025-03-12,12.96,13.34,13.48,12.96,159247.0,159247.0
2025-03-13,13.38,13.36,13.65,13.25,104832.0,104832.0
2025-03-14,13.48,13.28,13.49,13.15,93152.0,93152.0
2025-03-17,13.26,13.29,13.48,13.16,74933.0,74933.0
2025-03-18,13.36,13.13,13.38,13.12,83508.0,83508.0
2025-03-19,13.19,13.12,13.23,13.08,53302.0,53302.0
2025-03-20,13.13,13.19,13.26,13.12,62643.0,62643.0
2025-03-21,13.12,13.09,13.3,12.96,73297.0,73297.0
2025-03-24,13.0,12.76,13.08,12.66,116160.0,116160.0
2025-03-25,12.9,12.76,12.93,12.62,70048.0,70048.0
2025-03-26,12.74,12.72,12.84,12.7,59555.0,59555.0
2025-03-27,12.65,12.66,12.77,12.65,65666.0,65666.0
2025-03-28,12.71,12.69,12.8,12.61,61707.0,61707.0
2025-03-31,12.68,12.51,12.72,12.47,82428.0,82428.0
2025-04-01,12.57,12.48,12.67,12.46,65593.0,65593.0
2025-04-02,12.52,12.64,12.66,12.47,58276.0,58276.0
2025-04-03,12.58,12.61,12.76,12.53,77363.0,77363.0
2025-04-07,12.0,11.35,12.27,11.35,147760.0,147760.0
2025-04-08,11.37,11.63,11.77,11.37,145922.0,145922.0
2025-04-09,11.5,11.7,11.84,11.17,122821.0,122821.0
2025-04-10,11.76,11.67,11.96,11.65,88258.0,88258.0
2025-04-11,11.67,11.74,11.87,11.67,84965.0,84965.0
2025-04-14,11.74,11.63,11.76,11.43,167509.0,167509.0
2025-04-15,11.62,11.59,11.62,11.47,65940.0,65940.0
2025-04-16,11.6,11.49,11.67,11.41,71114.0,71114.0
2025-04-17,11.44,11.46,11.56,11.43,57628.0,57628.0
2025-04-18,11.41,11.48,11.51,11.3,69955.0,69955.0
2025-04-21,11.47,11.54,11.62,11.4,73711.0,73711.0
2025-04-22,11.58,11.67,11.81,11.5,79056.0,79056.0
2025-04-23,11.67,11.65,11.82,11.63,71327.0,71327.0
2025-04-24,11.65,11.56,11.72,11.49,55806.0,55806.0
2025-04-25,11.6,11.65,11.7,11.54,62229.0,62229.0
2025-04-28,11.65,11.52,11.65,11.48,48695.0,48695.0
2025-04-29,11.52,11.56,11.62,11.47,36339.0,36339.0
2025-04-30,11.58,11.56,11.68,11.53,52607.0,52607.0
2025-05-06,11.58,11.71,11.73,11.58,69426.0,69426.0
2025-05-07,11.76,11.66,11.89,11.62,79499.0,79499.0
2025-05-08,11.67,11.79,11.85,11.62,95850.0,95850.0
2025-05-09,11.81,11.96,12.13,11.75,91606.0,91606.0
2025-05-12,12.0,11.98,12.08,11.89,47789.0,47789.0
2025-05-13,12.01,11.87,12.13,11.79,80631.0,80631.0
2025-05-14,11.91,11.92,11.98,11.83,47305.0,47305.0
2025-05-15,11.73,11.59,11.75,11.58,43769.0,43769.0
2025-05-16,11.53,11.62,11.71,11.53,34540.0,34540.0
2025-05-19,11.64,11.57,11.69,11.55,41156.0,41156.0
2025-05-20,11.56,11.55,11.61,11.49,33713.0,33713.0
2025-05-21,11.57,11.54,11.63,11.53,30242.0,30242.0
2025-05-22,11.58,11.5,11.66,11.44,39706.0,39706.0
2025-05-23,11.56,11.43,11.69,11.43,56540.0,56540.0
2025-05-26,11.46,11.43,11.51,11.39,33470.0,33470.0
2025-05-27,11.45,11.31,11.45,11.3,40016.0,40016.0
2025-05-28,11.36,11.3,11.43,11.3,42394.0,42394.0
2025-05-29,11.31,11.5,11.63,11.27,94143.0,94143.0
2025-05-30,11.67,11.42,11.88,11.41,116186.0,116186.0
2025-06-03,11.4,11.44,11.47,11.34,58697.0,58697.0
2025-06-04,11.44,11.48,11.55,11.39,57878.0,57878.0
2025-06-05,11.51,11.47,11.53,11.43,36597.0,36597.0
2025-06-06,11.5,11.59,11.65,11.48,58041.0,58041.0
2025-06-09,11.54,11.67,11.77,11.54,58439.0,58439.0
2025-06-10,11.76,11.76,11.89,11.67,88194.0,88194.0
2025-06-11,11.76,11.78,11.86,11.7,52769.0,52769.0
2025-06-12,11.83,11.8,11.85,11.7,51456.0,51456.0
2025-06-13,11.81,11.78,11.82,11.72,76794.0,76794.0
2025-06-16,11.72,11.77,11.83,11.68,63280.0,63280.0
2025-06-17,11.77,12.11,12.18,11.69,126190.0,126190.0
2025-06-18,12.11,11.88,12.15,11.88,52689.0,52689.0
2025-06-19,11.87,11.77,11.92,11.69,70359.0,70359.0
2025-06-20,11.71,11.68,11.83,11.68,56510.0,56510.0
2025-06-23,11.69,11.57,11.77,11.5,60555.0,60555.0
2025-06-24,11.57,11.7,11.78,11.56,64267.0,64267.0
2025-06-25,11.7,11.85,11.88,11.65,80053.0,80053.0
2025-06-26,11.82,11.83,11.91,11.72,78921.0,78921.0
2025-06-27,11.87,11.89,12.04,11.8,70440.0,70440.0
2025-06-30,11.96,12.0,12.1,11.83,98604.0,98604.0
2025-07-01,11.94,11.94,12.05,11.89,43613.0,43613.0
2025-07-02,11.92,11.95,11.98,11.9,36395.0,36395.0
2025-07-03,11.98,11.84,11.98,11.83,60630.0,60630.0
2025-07-04,11.86,11.76,11.87,11.75,49535.0,49535.0
2025-07-07,11.73,11.75,11.81,11.73,38388.0,38388.0
2025-07-08,11.78,11.8,11.83,11.75,41572.0,41572.0
2025-07-09,11.82,11.93,12.33,11.8,113019.0,113019.0
2025-07-10,12.01,11.95,12.01,11.89,53513.0,53513.0
2025-07-11,11.98,11.96,12.1,11.95,94481.0,94481.0
2025-07-14,12.0,11.88,12.01,11.87,74579.0,74579.0
2025-07-15,11.88,11.85,11.93,11.82,65830.0,65830.0
2025-07-16,11.84,11.89,11.93,11.81,56223.0,56223.0
2025-07-17,11.91,11.89,12.07,11.85,117457.0,117457.0
2025-07-18,11.9,11.97,12.02,11.82,71200.0,71200.0
2025-07-21,12.0,12.21,12.32,11.98,151040.0,151040.0
2025-07-22,12.16,12.22,12.28,12.08,134566.0,134566.0
2025-07-23,12.25,12.16,12.41,12.14,101727.0,101727.0
2025-07-24,12.2,12.4,12.47,12.12,138595.0,138595.0
2025-07-25,12.42,12.3,12.46,12.26,77728.0,77728.0
2025-07-28,12.3,12.05,12.32,12.05,116029.0,116029.0
2025-07-29,12.05,12.17,12.17,11.97,104453.0,104453.0
2025-07-30,12.1,12.05,12.15,12.0,82554.0,82554.0
2025-07-31,12.02,12.0,12.18,11.95,82653.0,82653.0
2025-08-01,11.97,11.99,12.07,11.94,61016.0,61016.0
2025-08-04,11.95,11.98,12.04,11.93,60506.0,60506.0
2025-08-05,11.98,12.09,12.12,11.96,59060.0,59060.0
2025-08-06,12.08,12.16,12.27,12.06,74809.0,74809.0
2025-08-07,12.17,12.01,12.21,12.0,67491.0,67491.0
2025-08-08,12.01,12.1,12.12,11.99,59711.0,59711.0
2025-08-11,12.12,12.1,12.15,12.02,29289.0,29289.0
2025-08-12,12.11,12.11,12.11,12.11,5.877471754111438e-39,
2025-08-13,12.26,12.18,12.29,12.14,49674.0,
2025-08-14,12.3,12.5,12.64,12.27,101043.0,
2025-08-15,12.4,12.49,12.62,12.35,124526.0,
2025-08-18,12.5,12.56,12.79,12.42,61281.0,
2025-08-19,12.45,12.43,12.62,12.36,121885.0,
2025-08-20,12.45,12.53,12.56,12.35,109280.0,
2025-08-21,12.53,12.44,12.57,12.42,73292.0,
2025-08-22,12.43,12.38,12.49,12.32,64669.0,
2025-08-25,12.47,12.41,12.49,12.25,165692.0,
2025-08-26,12.59,12.66,12.84,12.52,129344.0,
2025-08-27,12.65,12.65,12.65,12.65,5.877471754111438e-39,
2025-08-28,12.43,12.45,12.57,12.25,136582.0,
2025-08-29,12.48,12.43,12.56,12.39,140481.0,
2025-09-01,12.56,12.6,12.64,12.34,124505.0,
2025-09-02,12.59,12.31,12.59,12.25,98331.0,
2025-09-03,12.4,12.2,12.45,12.18,84135.0,
2025-09-04,12.23,12.62,12.7,12.21,226465.0,
2025-09-05,12.66,12.63,12.67,12.44,112865.0,
2025-09-08,12.68,12.66,12.94,12.61,148687.0,
2025-09-09,12.61,12.65,12.75,12.61,3751.0,
2025-09-10,12.73,12.85,12.93,12.62,125783.0,
2025-09-11,12.86,13.01,13.05,12.8,136045.0,
2025-09-12,13.01,13.13,13.15,12.83,136144.0,
2025-09-15,13.62,14.1,14.36,13.6,506949.0,
2025-09-16,14.11,13.75,14.25,13.53,279312.0,
2025-09-17,13.75,13.75,13.75,13.75,5.877471754111438e-39,
2025-09-18,13.6,13.33,13.68,13.28,195345.0,
2025-09-19,13.32,13.69,13.73,13.3,176930.0,
2025-09-22,13.71,13.51,13.75,13.43,111238.0,
2025-09-23,13.49,13.6,13.6,13.38,114002.0,
2025-09-24,13.53,13.79,13.87,13.51,131990.0,
2025-09-25,13.79,13.43,14.06,13.39,275503.0,
2025-09-26,13.4,14.35,14.64,13.28,353845.0,
2025-09-29,14.56,14.88,14.95,14.49,248332.0,
2025-09-30,15.08,15.09,15.24,14.81,202102.0,
2025-10-09,15.28,15.5,15.77,15.16,254757.0,
2025-10-10,15.48,15.23,15.52,15.11,180230.0,
2025-10-13,14.48,15.17,15.21,14.48,173342.0,
2025-10-14,15.21,15.0,15.35,14.88,133608.0,
2025-10-15,15.0,15.18,15.21,14.88,95255.0,
2025-10-16,15.18,15.25,15.32,15.05,111785.0,
2025-10-17,15.43,15.11,15.44,15.07,126843.0,
2025-10-20,15.6,15.89,16.0,15.48,372815.0,
2025-10-21,15.87,15.77,16.13,15.62,225945.0,
2025-10-22,15.77,15.71,15.93,15.66,121428.0,
2025-10-23,15.66,15.73,15.75,15.4,126671.0,
2025-10-24,15.88,15.85,16.01,15.61,147745.0,
2025-10-27,15.99,15.8,16.19,15.65,180645.0,
2025-10-28,15.75,16.25,16.31,15.69,198431.0,
2025-10-29,16.2,16.3,16.39,15.99,121736.0,
2025-10-30,16.19,16.72,16.93,16.19,227014.0,
2025-10-31,16.62,16.85,16.97,16.57,172064.0,
2025-11-03,16.94,16.74,17.2,16.46,191384.0,
2025-11-04,16.59,16.48,16.69,16.3,171608.0,
2025-11-05,16.31,16.68,16.8,16.05,151965.0,
2025-11-06,16.69,16.72,16.98,16.62,115614.0,
2025-11-07,16.65,17.05,17.06,16.61,182517.0,
2025-11-10,17.23,17.2,17.23,16.85,144990.0,
2025-11-11,17.13,17.01,17.43,16.91,133782.0,
2025-11-12,16.99,16.44,17.14,16.4,195239.0,
2025-11-13,16.35,16.31,16.54,16.1,255252.0,
2025-11-14,16.25,15.92,16.38,15.91,189434.0,
2025-11-17,16.01,16.1,16.2,15.69,147653.0,
2025-11-18,16.02,15.94,16.18,15.85,83303.0,
2025-11-19,16.08,15.95,16.18,15.91,84147.0,
2025-11-20,15.96,15.75,16.1,15.65,79440.0,
2025-11-21,15.84,15.31,15.87,15.3,146258.0,
2025-11-24,15.34,15.54,15.75,15.34,115847.0,
2025-11-25,15.62,15.87,16.01,15.58,119613.0,
2025-11-26,15.97,15.89,16.0,15.71,97743.0,
2025-11-27,15.95,15.81,16.16,15.81,96172.0,
2025-11-28,15.99,15.4,15.99,15.21,246400.0,
2025-12-01,15.5,15.38,15.53,15.26,110730.0,
2025-12-02,15.38,15.47,15.65,15.23,80770.0,
2025-12-03,15.49,15.69,15.9,15.4,97867.0,
2025-12-04,15.69,15.69,15.79,15.56,65145.0,
2025-12-05,15.7,15.85,15.94,15.59,113429.0,
2025-12-08,15.87,15.6,15.99,15.57,148779.0,
2025-12-09,15.63,15.65,15.77,15.5,66325.0,
2025-12-10,15.67,15.48,15.71,15.44,79894.0,
2025-12-11,15.53,15.61,15.85,15.53,106744.0,
2025-12-12,15.59,15.69,15.77,15.56,78043.0,
2025-12-15,15.78,15.9,16.11,15.6,119161.0,
2025-12-16,15.9,15.88,16.0,15.6,106502.0,
2025-12-17,15.85,16.14,16.22,15.84,123434.0,
2025-12-18,16.14,15.88,16.16,15.8,89033.0,
2025-12-19,15.88,15.91,15.96,15.74,61398.0,
2025-12-22,15.91,16.06,16.25,15.91,96303.0,
2025-12-23,15.94,16.13,16.2,15.94,74781.0,
2025-12-24,16.23,16.66,16.67,16.16,159967.0,
2025-12-25,16.66,16.77,16.94,16.52,118526.0,
2025-12-26,16.78,16.64,16.83,16.48,130026.0,
2025-12-29,16.79,16.52,16.81,16.43,105551.0,
2025-12-30,16.45,16.24,16.45,16.08,113546.0,
2025-12-31,16.29,16.31,16.5,16.24,76717.0,
2026-01-05,16.44,16.32,16.57,16.28,110883.0,
2026-01-06,16.3,16.48,16.63,16.22,126767.0,
2026-01-07,16.58,16.75,16.79,16.47,73304.0,
2026-01-08,16.57,16.31,16.6,16.28,70631.0,
2026-01-09,16.32,16.24,16.36,16.17,31269.0,
2026-01-12,16.18,16.0,16.25,15.96,36446.0,
2026-01-13,15.84,15.83,15.94,15.77,35791.0,
2026-01-14,15.81,15.6,15.93,15.45,140876.0,
2026-01-15,15.59,15.62,15.78,15.52,57503.0,
2026-01-16,15.56,15.63,15.82,15.56,29819.0,
2026-01-19,15.59,15.96,16.09,15.59,128454.0,
2026-01-20,15.96,15.94,16.05,15.71,82158.0,
2026-01-21,15.91,15.79,15.94,15.6,135462.0,
2026-01-22,15.87,16.3,16.4,15.84,278063.0,
2026-01-23,16.59,17.47,17.7,16.41,468452.0,
